time	alpha	beta	gamma
0.0	0.462	0.2	0.338
0.9900990099009901	0.35103022084547697	0.3315615211297031	0.31740825802482003
1.9801980198019802	0.3063945574366229	0.3323775230099927	0.36122791955338424
2.9702970297029703	0.26542545139097984	0.3276993958550005	0.4068751527540192
3.9603960396039604	0.22720737212765088	0.3194229867336712	0.4533696411386775
4.9504950495049505	0.19172145632870133	0.3077285522797398	0.5005499913915584
5.9405940594059405	0.1590125566494371	0.29275853342006375	0.5482289099304988
6.930693069306931	0.12917366180579926	0.27467159269382213	0.5961547455003783
7.920792079207921	0.10234369583889341	0.2536842503428589	0.6439720538182474
8.910891089108912	0.07870347633949648	0.23013521573635193	0.6911613079241515
9.900990099009901	0.05846382814021528	0.20458756066793304	0.7369486111918516
10.89108910891089	0.04183457719983424	0.17798117276019873	0.7801842500399668
11.881188118811881	0.028955815330045643	0.1518125421589906	0.8192316425109636
12.871287128712872	0.019774975219050955	0.12818771104044038	0.8520373137405086
13.861386138613861	0.013900966190321978	0.10936706104259147	0.8767319727670867
14.85148514851485	0.010575251589977273	0.09660034169333041	0.8928244067166925
15.841584158415841	0.008891575848281649	0.08926740935627896	0.9018410147954398
16.831683168316832	0.008104990123903933	0.08557849091187424	0.906316518964222
17.821782178217823	0.00775424092306892	0.08387041019862077	0.9083753488783107
18.81188118811881	0.007601442484691978	0.08311313882411624	0.9092854186911922
19.801980198019802	0.00753558914899612	0.08278421235548625	0.909680198495518
20.792079207920793	0.007507341899543306	0.08264264245571054	0.9098500156447465
21.78217821782178	0.007495250378180357	0.08258195340266808	0.9099227962191517
22.77227722772277	0.007490079088304783	0.08255598169901258	0.9099539392126829
23.762376237623762	0.007487868245219616	0.08254487523331963	0.909967256521461
24.752475247524753	0.007486923212497335	0.08254012719030354	0.9099729495971997
25.742574257425744	0.007486519300758422	0.08253809775310902	0.9099753829461331
26.73267326732673	0.007486346656868773	0.08253723029340236	0.9099764230497294
27.722772277227723	0.0074862728616595054	0.08253685950154363	0.9099768676367974
28.712871287128714	0.007486241319972376	0.08253670101647342	0.9099770576635547
29.7029702970297	0.007486227849411075	0.08253663333178854	0.9099771388188009
30.693069306930692	0.007486222082318749	0.08253660435423578	0.909977173563446
31.683168316831683	0.007486219630967964	0.08253659203706393	0.9099771883319686
32.67326732673267	0.007486218586238587	0.08253658678768179	0.90997719462608
33.663366336633665	0.007486218121718284	0.08253658445362902	0.9099771974246531
34.65346534653465	0.007486217926910944	0.08253658347480229	0.9099771985982872
35.64356435643565	0.007486217861168694	0.08253658314447272	0.9099771989943591
36.633663366336634	0.007486217833505299	0.08253658300546785	0.9099771991610274
37.62376237623762	0.007486217804536505	0.08253658285990559	0.9099771993355583
38.613861386138616	0.007486217773779367	0.0825365827053629	0.9099771995208581
39.603960396039604	0.007486217757297043	0.08253658262254558	0.9099771996201577
40.59405940594059	0.007486217750862802	0.08253658259021575	0.9099771996589218
41.584158415841586	0.007486217755587657	0.08253658261395624	0.9099771996304564
42.57425742574257	0.007486217764382685	0.08253658265814856	0.9099771995774691
43.56435643564356	0.007486217770400364	0.08253658268838478	0.9099771995412153
44.554455445544555	0.007486217781795883	0.08253658274564342	0.9099771994725612
45.54455445544554	0.007486217790966759	0.08253658279172411	0.9099771994173097
46.53465346534654	0.007486217788069048	0.08253658277716364	0.9099771994347678
47.524752475247524	0.007486217795904351	0.08253658281653405	0.9099771993875622
48.51485148514851	0.007486217798955522	0.08253658283186543	0.9099771993691798
49.504950495049506	0.007486217790743293	0.08253658279060079	0.9099771994186565
50.495049504950494	0.0074862177889114066	0.08253658278139613	0.9099771994296931
51.48514851485149	0.007486217785222785	0.08253658276286174	0.9099771994519161
52.475247524752476	0.007486217779242465	0.08253658273281192	0.9099771994879462
53.46534653465346	0.0074862177746573165	0.08253658270977292	0.9099771995155703
54.45544554455446	0.007486217771227324	0.08253658269253862	0.9099771995362346
55.445544554455445	0.007486217770111887	0.0825365826869349	0.9099771995429538
56.43564356435643	0.007486217768937425	0.08253658268103414	0.9099771995500289
57.42574257425743	0.007486217768780561	0.08253658268024622	0.9099771995509737
58.415841584158414	0.007486217769497979	0.08253658268385074	0.9099771995466517
59.4059405940594	0.007486217770508571	0.08253658268892858	0.9099771995405632
60.396039603960396	0.007486217771378729	0.08253658269330072	0.9099771995353209
61.386138613861384	0.007486217771461432	0.08253658269371617	0.9099771995348226
62.37623762376238	0.007486217773350484	0.08253658270320771	0.909977199523442
63.366336633663366	0.007486217775480981	0.08253658271391241	0.9099771995106068
64.35643564356435	0.007486217777361663	0.08253658272336195	0.9099771994992766
65.34653465346534	0.007486217778322485	0.0825365827281897	0.9099771994934881
66.33663366336634	0.007486217777514623	0.08253658272413077	0.9099771994983549
67.32673267326733	0.007486217776001567	0.08253658271652861	0.90997719950747
68.31683168316832	0.007486217777270453	0.08253658272290422	0.9099771994998256
69.3069306930693	0.007486217778260626	0.08253658272787939	0.9099771994938602
70.29702970297029	0.007486217778653527	0.08253658272985355	0.9099771994914932
71.2871287128713	0.007486217778059713	0.08253658272686988	0.9099771994950707
72.27722772277228	0.007486217776018849	0.08253658271661544	0.9099771995073661
73.26732673267327	0.0074862177746838005	0.08253658270990738	0.9099771995154093
74.25742574257426	0.007486217774194701	0.08253658270744978	0.9099771995183561
75.24752475247524	0.007486217773634829	0.08253658270463655	0.9099771995217292
76.23762376237623	0.007486217773012205	0.08253658270150802	0.9099771995254803
77.22772277227723	0.0074862177723343725	0.08253658269810205	0.9099771995295641
78.21782178217822	0.007486217771609961	0.082536582694462	0.9099771995339285
79.20792079207921	0.007486217771001796	0.08253658269140615	0.9099771995375927
80.1980198019802	0.007486217770412285	0.08253658268844404	0.9099771995411444
81.18811881188118	0.007486217769850618	0.08253658268562185	0.9099771995445284
82.17821782178218	0.007486217769325988	0.08253658268298576	0.9099771995476893
83.16831683168317	0.007486217768847587	0.08253658268058196	0.9099771995505717
84.15841584158416	0.007486217768424607	0.08253658267845665	0.9099771995531202
85.14851485148515	0.007486217768066238	0.082536582676656	0.9099771995552793
86.13861386138613	0.007486217767781675	0.0825365826752262	0.9099771995569939
87.12871287128712	0.007486217767580107	0.08253658267421343	0.9099771995582084
88.11881188118812	0.0074862177674707275	0.08253658267366389	0.9099771995588676
89.10891089108911	0.007486217767462729	0.08253658267362374	0.9099771995589159
90.0990099009901	0.007486217767565301	0.08253658267413919	0.9099771995582979
91.08910891089108	0.007486217767787638	0.08253658267525642	0.9099771995569585
92.07920792079207	0.00748621776813893	0.0825365826770216	0.9099771995548421
93.06930693069307	0.00748621776862837	0.08253658267948094	0.9099771995518935
94.05940594059406	0.00748621776926515	0.08253658268268062	0.9099771995480571
95.04950495049505	0.007486217769763694	0.0825365826851857	0.9099771995450536
96.03960396039604	0.007486217769740205	0.08253658268506772	0.9099771995451953
97.02970297029702	0.00748621776972628	0.0825365826849978	0.9099771995452793
98.01980198019803	0.00748621776972193	0.082536582684976	0.9099771995453058
99.00990099009901	0.007486217769727169	0.08253658268500237	0.9099771995452743
100.0	0.007486217769742008	0.08253658268507696	0.9099771995451851
