time	II	M	IIa	P2
0.0	1.0	0.0	0.0	0.0
0.9900990099009901	0.9950518863259923	0.004913851410240231	2.438591215213945e-05	9.876352066400306e-06
1.9801980198019802	0.9901282565871726	0.009754975749248631	9.70640726168037e-05	1.9703590145801595e-05
2.9702970297029703	0.9852289895073811	0.014524210852025102	0.00021731767980234817	2.948195752034105e-05
3.9603960396039604	0.9803539645372272	0.0192223847074298	0.00038443905656199514	3.921169601424378e-05
4.9504950495049505	0.9755030617450532	0.023850316364937445	0.0005977288422650867	4.889304621254921e-05
5.9405940594059405	0.9706761617827109	0.028408816297257663	0.0008564956742171043	5.852624752976761e-05
6.930693069306931	0.9658731458750891	0.03289868655574857	0.0011600560340464376	6.811153823088357e-05
7.920792079207921	0.9610938958453698	0.03732072068030486	0.001507734323407696	7.76491553806986e-05
8.910891089108912	0.9563382940854436	0.041675703817618676	0.001898862767483571	8.713933490317234e-05
9.900990099009901	0.9516062235936179	0.04596441287042833	0.002332781232656491	9.658231150578398e-05
10.89108910891089	0.94689756791634	0.05018761629031317	0.0028088374847094087	0.00010597831879643036
11.881188118811881	0.9422122111925947	0.05434607448031245	0.0033263867488263843	0.00011532758919436915
12.871287128712872	0.9375500381413161	0.05844053978887715	0.003884791727292433	0.00012463035395546995
13.861386138613861	0.9329109340507374	0.062471756629093746	0.00448342249101857	0.00013388684319357784
14.85148514851485	0.9282947847740115	0.06644046150794096	0.0051216564493064345	0.00014309728588929926
15.841584158415841	0.9237014767296283	0.07034738309974083	0.0057988782812751815	0.00015226190988916293
16.831683168316832	0.9191308968961139	0.0741932423326049	0.006514479853221693	0.00016138094191625558
17.821782178217823	0.9145829328110098	0.07797875248709098	0.007267860121573079	0.00017045460757226843
18.81188118811881	0.9100574725683833	0.0817046192720143	0.00805842505892218	0.00017948313134249285
19.801980198019802	0.9055544048168798	0.08537154086863584	0.008885587612009076	0.0001884667365997261
20.792079207920793	0.9010736187553222	0.08898020806625302	0.009748767570209578	0.00019740564561309938
21.78217821782178	0.8966150041285256	0.0925313043623136	0.010647391469270724	0.00020630007955647404
22.77227722772277	0.8921784512353815	0.09602550575069585	0.011580892795721004	0.00021515025849222328
23.762376237623762	0.8877638509105942	0.09946348121277707	0.012548711515181915	0.00022395640140787158
24.752475247524753	0.8833710945329735	0.10284589249546743	0.013550294284948992	0.00023271872619945667
25.742574257425744	0.8790000740140462	0.10617339442033928	0.014585094156193424	0.00024143744969437695
26.73267326732673	0.8746506818020804	0.10944663477254357	0.01565257067795172	0.0002501127876433181
27.722772277227723	0.870322810875765	0.11266625447514392	0.016752189732452207	0.00025874495473293137
28.712871287128714	0.8660163547457943	0.11583288754859737	0.017883423576842732	0.00026733416458265684
29.7029702970297	0.8617312074491378	0.1189471612589759	0.01904575069594558	0.00027588062975621614
30.693069306930692	0.8574672635482631	0.12200969614201293	0.020238655781677776	0.00028438456176317286
31.683168316831683	0.8532244181263492	0.12502110612501505	0.021461629612254982	0.00029284617106853345
32.67326732673267	0.8490025667859966	0.127981998564422	0.022714169018800356	0.00030126566709533556
33.663366336633665	0.8448016056462063	0.13089297432349895	0.02399577681003056	0.0003096432582307086
34.65346534653465	0.8406214313419913	0.13375462778230365	0.0253059617672047	0.0003179791518266528
35.64356435643565	0.8364619410171859	0.13656754702823212	0.02664423845192737	0.000326273554214463
36.633663366336634	0.8323230323228733	0.13933231389708955	0.028010127168904185	0.0003345266707078827
37.62376237623762	0.8282046034170041	0.14204950397762825	0.0294031539646307	0.00034273870560387116
38.613861386138616	0.8241065529655983	0.14471968657218123	0.030822850670929373	0.00035090986218019193
39.603960396039604	0.8200287801308599	0.14734342502349368	0.03226875457609367	0.0003590403427192534
40.59405940594059	0.8159711845779679	0.1499212765121505	0.033740408634098315	0.0003671303484944871
41.584158415841586	0.8119336664681407	0.1524537922539348	0.035237361267792054	0.0003751800797842619
42.57425742574257	0.8079161264557739	0.15494151756398925	0.03675916630986379	0.00038318973587762303
43.56435643564356	0.8039184656877991	0.15738499187305535	0.03830538298752017	0.00039115951507558096
44.554455445544555	0.7999405858001892	0.15978474881236798	0.03987557583761559	0.00039908961469811965
45.54455445544554	0.7959823889144972	0.1621413162989574	0.04146931462233081	0.0004069802310911402
46.53465346534654	0.7920437776370035	0.16445521656237383	0.0430861743104931	0.00041483155962817177
47.524752475247524	0.7881246550561514	0.16672696619651467	0.04472573502528704	0.00042264379471551665
48.51485148514851	0.7842249247387477	0.16895707626570128	0.04638758193908581	0.00043041712979987034
49.504950495049506	0.7803444907300544	0.17114605228709356	0.04807130529832772	0.00043815175736813946
50.495049504950494	0.7764832575493721	0.17329439435013116	0.04977650030237653	0.0004458478689563003
51.48514851485149	0.7726411301887275	0.17540259713908268	0.05150276708458163	0.00045350565515203255
52.475247524752476	0.7688180141105403	0.1774711499892179	0.05324971065856787	0.00046112530559939865
53.46534653465346	0.7650138152449262	0.17950053695610071	0.055016940851495236	0.0004687070090042547
54.45544554455446	0.7612284399873468	0.18149123686126512	0.05680407225771685	0.00047625095313896457
55.445544554455445	0.7574617951966301	0.1834437233495117	0.05861072418779098	0.00048375732484637
56.43564356435643	0.7537137881924678	0.18535846492970995	0.06043652062740672	0.0004912263100448131
57.42574257425743	0.7499843267529686	0.18723592505568298	0.06228109015928035	0.000498658093733042
58.415841584158414	0.7462733191124103	0.18907656216740973	0.06414406592414551	0.0005060528599947212
59.4059405940594	0.7425806739590975	0.19088082973927728	0.06602508557511202	0.0005134107920027302
60.396039603960396	0.7389063004346822	0.1926491762539904	0.06792379130901059	0.0005207320720205257
61.386138613861384	0.7352501081281503	0.19438204543940654	0.06983982962504356	0.0005280168814142033
62.37623762376238	0.7316120070761887	0.19607987619094952	0.07177285140953822	0.0005352654006517629
63.366336633663366	0.7279919077606869	0.19774310263548286	0.07372251187328913	0.0005424778093081194
64.35643564356435	0.7243897211080979	0.19937215410428552	0.07568847058152285	0.0005496542860663866
65.34653465346534	0.7208053584837557	0.20096745535159793	0.07767039123619793	0.0005567950087292739
66.33663366336634	0.7172387316923552	0.2025294264734066	0.0796679417599027	0.0005639001542181255
67.32673267326733	0.7136897529752935	0.20405848297897883	0.08168079422588442	0.0005709698985782527
68.31683168316832	0.7101583350079511	0.20555503586430238	0.08370862478855934	0.0005780044169843884
69.3069306930693	0.7066443908978433	0.20701949164589	0.08575111364959363	0.0005850038837443961
70.29702970297029	0.7031478341823855	0.20845225241073367	0.08780794501093912	0.0005919684723037503
71.2871287128713	0.6996685788267949	0.20985371585949777	0.08987880703453034	0.0005988983552497483
72.27722772277228	0.6962065392221622	0.21122427534596716	0.09196339180376115	0.000605793704315378
73.26732673267327	0.6927616301829018	0.21256431994009883	0.09406139526320241	0.0006126546903844315
74.25742574257426	0.6893337669447149	0.21387423447013426	0.09617251717849815	0.0006194814834955914
75.24752475247524	0.6859228651635645	0.21515439951850032	0.09829646114249974	0.0006262742528444893
76.23762376237623	0.6825288409118293	0.21640519154575116	0.10043293445349702	0.0006330331667914179
77.22772277227723	0.6791516106773728	0.21762698288196966	0.10258164812585166	0.0006397583928632004
78.21782178217822	0.6757910913619312	0.2188201417494895	0.10474231686898937	0.0006464500977564241
79.20792079207921	0.6724472002776655	0.21998503236817374	0.10691465898496352	0.0006531084473443562
80.1980198019802	0.6691198551461678	0.22112201495066014	0.10909839637454248	0.0006597336066789382
81.18811881188118	0.6658089740964342	0.2222314457444252	0.11129325449695	0.0006663257399948516
82.17821782178218	0.6625144756621354	0.22331367710281375	0.11349896230194169	0.0006728850107149935
83.16831683168317	0.6592362787802963	0.2243690574972516	0.11571525221847334	0.0006794115814531254
84.15841584158416	0.6559743027891073	0.2253979315654519	0.11794186010876538	0.0006859056140182631
85.14851485148515	0.6527284674255689	0.226400640165954	0.12017852521634587	0.000692367269419402
86.13861386138613	0.6494986928241918	0.2273775203901747	0.12242499015507786	0.0006987967078681256
87.12871287128712	0.6462848995145003	0.22832890562305097	0.12468100085105052	0.0007051940887836124
88.11881188118812	0.6430870084190069	0.22925512558446498	0.12694630650316793	0.0007115595707966996
89.10891089108911	0.6399049408520885	0.23015650633316267	0.1292206595805304	0.0007178933117521375
90.0990099009901	0.636738618516938	0.23103337035086338	0.13150381574110095	0.000724195468714704
91.08910891089108	0.6335879635042001	0.23188603655615167	0.13379553381932757	0.000730466197971943
92.07920792079207	0.6304528982905306	0.23271482032188975	0.13609557581021156	0.000736705655037051
93.06930693069307	0.6273333457355965	0.23352003355666204	0.13840370679074962	0.000742913994654899
94.05940594059406	0.6242292290809404	0.23430198470983998	0.1407196949160616	0.0007490913708043081
95.04950495049505	0.621140471948238	0.23506097880188345	0.14304331139077867	0.0007552379367015453
96.03960396039604	0.6180669983366123	0.23579731749176205	0.14537433040438433	0.0007613538448057115
97.02970297029702	0.6150087326214864	0.2365112990836799	0.14771252912555488	0.0007674392468210433
98.01980198019803	0.6119655995526341	0.23720321856542417	0.1500576876657606	0.0007734942937008222
99.00990099009901	0.6089375242517852	0.23787336766384906	0.15240958902622398	0.0007795191356521802
100.0	0.6059244322115105	0.2385220348508573	0.15476801909300897	0.0007855139221383348
