bound_BoNT/A	transloc_BoNT/A	free_BoNT/A	lytic_BoNT/A	Values[tension]
0.0	0.0	1.0	0.0	1.0
0.052521890077164256	0.0038113530546381343	0.9436499474273283	1.6809440868052414e-05	0.999983190559132
0.09517697898800219	0.014220148453091873	0.8904752232881853	0.00012764927071901857	0.9998723507292809
0.12942963074130925	0.029864281834366756	0.8402968976496148	0.0004091897747076479	0.9995908102252924
0.15654223218269486	0.04958986345616935	0.7929461232983064	0.0009217810628277512	0.9990782189371723
0.17760228454617177	0.07242218132995494	0.7482635675707446	0.001711966553127056	0.9982880334468729
0.19354590267103547	0.09754057607700738	0.7060988762070111	0.002814645044944375	0.9971853549550557
0.20517819531928363	0.12425670855705528	0.6663101674179345	0.004254928705724857	0.9957450712942751
0.2131909389573569	0.15199576844563317	0.6287635544605664	0.006049738136441755	0.9939502618635583
0.21817790211622737	0.18028023265562365	0.5933326951168636	0.008209170111283725	0.9917908298887163
0.22064813061034455	0.20871583396196605	0.5598983665595485	0.010737668868139226	0.9892623311318608
0.221037463521739	0.23697944454291983	0.5283480641738645	0.013635027761474912	0.986364972238525
0.21971851348124027	0.26480861910337317	0.49857562298599994	0.01689724442938486	0.9831027555706151
0.21700931458642117	0.29199257539789125	0.47048086042400594	0.02051724959167993	0.9794827504083201
0.2131808142861977	0.3183644196217113	0.4439692392091147	0.02448552688297463	0.9755144731170253
0.20846336224125545	0.34379444973083145	0.41895154924321487	0.02879063878469653	0.9712093612153034
0.20305232919793081	0.36818439166185646	0.39534360742190405	0.03341967171830705	0.9665803282816929
0.19711297110852272	0.3914624429491651	0.3730659743631349	0.03835861157917567	0.9616413884208244
0.19078463869353282	0.41357901472113173	0.35204368709821193	0.04359265948712187	0.9564073405128781
0.1841844193704186	0.43450307759952644	0.3322060068256669	0.049106496204386334	0.9508935037956137
0.17741028696995506	0.45421902962609245	0.3134861808792128	0.05488450252473794	0.945115497475262
0.17054382474375354	0.4727240151971724	0.29582121810881623	0.0609109419502561	0.9390890580497439
0.16365257845951597	0.49002563351445716	0.27915167691905657	0.06717011110696854	0.9328298888930314
0.15679208891715377	0.506139983220932	0.2634214652515198	0.07364646261039272	0.9263535373896072
0.15000764662042182	0.5210899971024878	0.2485776518382937	0.08032470443879504	0.919675295561205
0.14333580586706557	0.5349040267097886	0.2345702880911338	0.08718987933201025	0.9128101206679897
0.1368056902623616	0.5476146424952604	0.2213522400274049	0.09422742721497154	0.9057725727850284
0.13044011778679715	0.5592576192808854	0.2088790296668498	0.1014232332654661	0.8985767667345339
0.12425656954748146	0.5698710812338621	0.19710868536574622	0.10876366385290852	0.8912363361470915
0.11826802326105389	0.5794947838798552	0.18600160058469956	0.11623559227438961	0.8837644077256104
0.11248366973376528	0.588169513707649	0.17552040061489027	0.12382641594369359	0.8761735840563064
0.10690952808731864	0.5959365886538243	0.16562981681430686	0.13152406644454856	0.8684759335554515
0.10154897348993164	0.6028374449113353	0.15629656793076827	0.139317013667963	0.860682986332037
0.09640318924588966	0.6089132975717851	0.1474892481124036	0.1471942650699199	0.8528057349300802
0.09147155354621841	0.6142048642873801	0.13917822122874562	0.15514536093765416	0.8448546390623458
0.0867519698114359	0.6187521426193816	0.1313355211468368	0.16316036642234394	0.836839633577656
0.08224114835088435	0.6225942330404061	0.12393475762678169	0.17122986098192625	0.8287701390180737
0.07793484603728977	0.6257692006611218	0.11695102752009025	0.17934492578149658	0.8206550742185035
0.07382806980016934	0.62831396971249	0.11036083097199872	0.18749712951534028	0.8125028704846597
0.06991524895426114	0.6302642456582055	0.10414199234579462	0.1956785130417371	0.8043214869582629
0.0661903807122484	0.6316544605240743	0.09827358560305978	0.20388157316061592	0.796118426839384
0.06264715264298637	0.6325177376575637	0.09273586388874092	0.2120992458107074	0.7879007541892926
0.05927904532483965	0.6328858726742345	0.08751019308410486	0.22032488891681945	0.7796751110831805
0.056079418010929576	0.6327893278055713	0.08257898910398859	0.22855226507950901	0.771447734920491
0.05304157973417289	0.6322572372732612	0.07792565872735228	0.2367755242652121	0.7632244757347879
0.05015884795366095	0.6313174216575617	0.07353454376203424	0.24498918662674152	0.7550108133732585
0.04742459655642146	0.6299964095281831	0.06939086835582377	0.25318812555957004	0.74681187444043
0.044832294778324906	0.6283194648667717	0.0654806892765588	0.261367551078343	0.738632448921657
0.04237553839700403	0.62631061902825	0.06179084899391723	0.26952299358082693	0.730477006419173
0.0400480743526828	0.6239927061916271	0.05830893140516562	0.2776502880505229	0.7223497119494771
0.037843819813002874	0.6213874013928369	0.05502322005562104	0.2857455587385376	0.7142544412614624
0.03575687653145638	0.6185152604028619	0.05192265871352691	0.2938052043521532	0.7061947956478468
0.033781541253994796	0.6153957608089645	0.048996814166166414	0.30182588377087266	0.6981741162291273
0.0319123127947954	0.6120473437916357	0.04623584111275783	0.3098045023008094	0.6901954976991906
0.030143896334631864	0.6084874561552923	0.04363044903599027	0.3177381984740839	0.6822618015259161
0.02847120542432134	0.6047325922409325	0.04117187093969963	0.325624331395045	0.674375668604955
0.026889362078574782	0.6007983354443286	0.03885183384838191	0.33346046862871326	0.6665395313712867
0.025393695306914696	0.596699399099	0.03666253096912413	0.3412443746249596	0.6587556253750404
0.023979738373649098	0.5924496665348638	0.03459659542256633	0.3489739996689193	0.6510260003310807
0.022643225053600967	0.5880622301472815	0.032647075452355984	0.35664746934676006	0.6433525306532399
0.02138008504726707	0.5835494294070899	0.030807411034966356	0.3642630745106752	0.6357369254893248
0.02018643879892316	0.578922887664717	0.02907141180437626	0.37181926173198215	0.6281807382680178
0.019058591830823236	0.5741935477233047	0.02743323622146059	0.37931462422441	0.62068537577559
0.017993028716727415	0.5693717061435803	0.02588737191869018	0.3867478932210005	0.6132521067789996
0.016986406826096468	0.5644670462343242	0.02442861715071928	0.39411792978885857	0.6058820702111414
0.01603554991476405	0.5594886697303684	0.02305206329065016	0.4014237170642159	0.5985762829357841
0.015137441641089508	0.5544451271551082	0.02175307831277893	0.40866435289102193	0.5913356471089781
0.014289219058553949	0.5493444468896294	0.020527291206685432	0.4158390428451298	0.5841609571548703
0.013488166155676306	0.5441941629471831	0.01937057726854432	0.4229470936285948	0.5770529063714052
0.01273170746588274	0.5390013414950132	0.018279044222483838	0.42998790681661875	0.5700120931833812
0.012017401803232311	0.5337726061364366	0.0172490191195066	0.4369609729408231	0.563039027059177
0.011342936105601999	0.5285141620171926	0.016277035983133053	0.44386586589407095	0.556134134105929
0.010706119468092308	0.5232318187474981	0.015359824143560942	0.45070223764084727	0.5492977623591527
0.010104877323166733	0.517931012214692	0.014494297241315682	0.45746981322082425	0.5425301867791757
0.009537245836834001	0.5126168253205918	0.013677542822540386	0.46416838602003246	0.5358316139799675
0.009001366471262902	0.5072940076496694	0.012906812560129922	0.4707978133189365	0.5292021866810634
0.008495480759638206	0.5019669941747494	0.012179512989939455	0.4773580120756715	0.5226419879243285
0.008017925278229308	0.4966399229823436	0.011493196786338597	0.4838489549530872	0.5161510450469128
0.007567126822028226	0.49131665206444086	0.010845554539173666	0.4902706665743559	0.5097293334256441
0.007141597786405435	0.4860007752665787	0.010234406966921218	0.4966232199800933	0.5033767800199067
0.006739931741232767	0.4806956373760896	0.009657697587900077	0.5029067332947762	0.4970932667052238
0.006360799207601205	0.47540434838447865	0.009113485817745914	0.5091213665901728	0.4908786334098272
0.00600294362334038	0.470129797059314	0.00859994040841721	0.515267318908927	0.48473268109107304
0.005665177497375032	0.46487466371258224	0.008115333308394462	0.5213448254816468	0.47865517451835315
0.005346378747312952	0.4596414323092833	0.007658033847071225	0.5273541550963311	0.4726458449036689
0.0050454872077354196	0.4544324019455967	0.007226503232378143	0.5332956076142883	0.4667043923857117
0.0047615013180979295	0.44924969764447337	0.0068192893914873175	0.53916951164594	0.46083048835406004
0.004493474968254895	0.444095280608439	0.00643502207311241	0.544976222350192	0.45502377764980795
0.004240514501667632	0.4389709578942014	0.006072408236316474	0.5507161193678128	0.44928388063218716
0.004001775876971984	0.43387839152981256	0.0057302277106740076	0.5563896048825397	0.44361039511746025
0.0037764619646937676	0.42881910717552857	0.005407329074486772	0.5619971017852892	0.43800289821471083
0.0035638199879295656	0.4237945022753114	0.005102625781614479	0.5675390519551429	0.43246094804485713
0.0033631391106554564	0.41880585369683543	0.004815092535590759	0.5730159146569166	0.4269840853430834
0.003173748133608813	0.41385432502230823	0.004543761827654114	0.5784281650164271	0.42157183498357287
0.0029950132950572004	0.40894097350930425	0.004287720627245673	0.5837762925683911	0.41622370743160886
0.002826336227925933	0.40406675648583634	0.004046107351270626	0.5890607999349654	0.4109392000650346
0.0026671520175831826	0.39923253739236186	0.003818109005351018	0.5942822015847022	0.40571779841529776
0.002516927325646022	0.3944390916980755	0.0036029583636930725	0.5994410226125837	0.4005589773874163
0.0023751586701092524	0.38968711218668045	0.003399931473358482	0.6045377976698502	0.39546220233014984
0.0022413707486536203	0.38497721419886055	0.003208345156750584	0.6095730698957337	0.3904269301042663
0.0021151148901325774	0.38030994041396815	0.0030275547406608174	0.6145473899552368	0.38545261004476317
